time,x,y,z,phi,theta,psi,x_velocity,y_velocity,z_velocity,phi_velocity,theta_velocity,psi_velocity,rotor_speed1,rotor_speed2,rotor_speed3,rotor_speed4
0.06,-1.18040221414e-06,-7.65850524448e-08,10.00463534,6.28288329128,0.000783907237043,0.0,-9.13812581392e-05,-1.62968042839e-05,0.154502223827,-0.0177170651677,0.0311232480666,0.0,452.8281771341028,455.32442560796846,454.3597640783729,452.9374695251262
0.12000000000000001,-2.63029351775e-05,-8.3109596477e-06,10.0136881196,6.2829260664,0.00235782142855,0.0,-0.000896333988138,-0.000289954980136,0.147257926792,0.0234504143798,0.0140104094854,0.0,401.812388969569,400.25849227447287,400.0228501571525,403.75356911579405
0.18,-0.000131529196924,-2.55253671724e-05,10.0252246768,0.00131428593574,0.00346432680038,0.0,-0.00271026917689,-0.000133523343315,0.23727859022,0.0312657712004,0.0260882624151,0.0,432.67635774051496,433.6917714254312,433.99893430150775,434.654447370701
0.23999999999999996,-0.00038015040796,4.48968255513e-06,10.0446814428,0.00320324993018,0.00514628616526,0.0,-0.00576063235461,0.001346597754,0.411231987785,0.0319130853452,0.0316619831241,0.0,460.2094449890288,460.65050982610694,459.24305299269224,459.2947022515423
0.3,-0.000840704854407,0.000159688309268,10.0725592439,0.00530201439558,0.00725891671128,0.0,-0.00979843585479,0.00403387944604,0.517983093863,0.0404968001127,0.0414996247308,0.0,439.05412255122263,439.86997568225627,438.6568710666898,439.36952118886376
0.36000000000000004,-0.00161356427243,0.00053987670042,10.1099444074,0.00799322608879,0.00941260544399,0.0,-0.0162414281402,0.0089427365664,0.728074353664,0.0523865530508,0.0212816948097,0.0,471.7524011110918,470.18937245747173,470.28527362194194,471.2061932902455
0.4200000000000001,-0.00278660984429,0.00125332169677,10.1565565749,0.0114584624138,0.0104983771533,0.0,-0.0229804779523,0.0151757671303,0.825594374089,0.0667624731506,0.010812259693,0.0,436.10606726398703,435.2307727327881,437.1121627574704,438.31069689628515
0.48000000000000015,-0.00441467143828,0.0024499343372,10.2118862469,0.0151337667999,0.0113064366069,0.0,-0.0313715299925,0.0251578175104,1.01856901686,0.0469872582671,0.0183098839904,0.0,465.13944774091397,465.72604542726197,467.7576472182863,466.21771332873266
0.5400000000000001,-0.00655187966425,0.00430453894218,10.2773923894,0.0177050847294,0.0131354345351,0.0,-0.0400343500434,0.03695527148,1.16482414898,0.0329526050313,0.047652263492,0.0,450.9526207722922,453.316605925647,453.2993526342206,452.1712225448072
0.6000000000000002,-0.00925587908651,0.00692016086068,10.3516559371,0.0198164954838,0.0165699276414,0.0,-0.050444357359,0.0504518346186,1.31046202594,0.0393259049245,0.0716247098343,0.0,451.9624363589075,453.8922893766839,451.9491830610722,452.4630275649808
0.6600000000000003,-0.0126458634485,0.0103704031518,10.4335157781,0.0221867766219,0.0212280341367,0.0,-0.0630169689536,0.0647972471994,1.4180575022,0.0398597794218,0.0875390478358,0.0,439.781571454646,441.10240684030094,441.73536210671256,441.7801785252652
0.7200000000000003,-0.0168818952127,0.0147224567375,10.5214303769,0.0250277308328,0.0262729873447,0.0,-0.0787034594334,0.0805358101171,1.51228949039,0.0592052721885,0.076080400377,0.0,436.7867497279559,435.8360575627203,437.2537358158509,438.863597091239
0.7800000000000004,-0.0221404773815,0.0200619728614,10.6142646487,0.0282961963693,0.0311187674326,0.0,-0.097040497466,0.0977798694025,1.58206862447,0.042764504913,0.088779096839,0.0,429.51672161217346,430.5976823359144,429.9400073009233,428.5469588899884
0.8400000000000004,-0.0286288354218,0.0265253651685,10.7122568667,0.0311021583862,0.0362910275661,0.0,-0.119771427357,0.117937296256,1.68416525084,0.0537593427665,0.0804853251959,0.0,440.29953061964363,439.61908466138453,440.0943834245699,441.00472532915626
0.9000000000000005,-0.0365343152912,0.0342138033529,10.814963113,0.0340296391373,0.0406534397388,0.0,-0.14418815422,0.13863610798,1.73926424154,0.0363268453432,0.0487892034115,0.0,426.76194832304043,424.052113590487,426.38405265056707,424.8937979809919
0.9600000000000005,-0.0461768826738,0.0433603046364,10.9256818306,0.0369460938371,0.043863142036,0.0,-0.177582736674,0.166545028505,1.95099172304,0.0658830807626,0.0615471370857,0.0,474.15799300336965,475.1386834508262,472.7286550749816,475.00169683069294
1.0200000000000005,-0.0577200185735,0.0541029124514,11.0449876923,0.0408708551051,0.0473666642619,0.0,-0.207537826447,0.191922629683,2.0257043587,0.0644553848525,0.0511910480536,0.0,433.72704036824393,432.8589011813098,432.6829785539694,432.5660627717733
1.0800000000000005,-0.0709907450781,0.0663266828094,11.165908081,0.0447836574638,0.0501182431575,0.0,-0.235069982401,0.215863739956,2.00498068652,0.0666871065706,0.0321931550835,0.0,402.48325892899476,400.76166287916266,401.1391599477812,401.3453964015468
1.1400000000000006,-0.0860041863666,0.0800959964872,11.2865102314,0.0486044397973,0.0522143907204,0.0,-0.265557526845,0.243458429346,2.01504161822,0.0568639039251,0.0399221156103,0.0,411.38294090227,412.0673417781912,412.66284653084756,411.7981359323515
1.2000000000000006,-0.103076173374,0.0957647752438,11.4113053436,0.0522570407024,0.0548096717162,0.0,-0.303764020947,0.279196873297,2.14451877602,0.0678864810896,0.0492006044444,0.0,450.09170119947487,450.84296322906056,450.532439763688,451.42526908559637
1.2600000000000007,-0.122314081732,0.113481743855,11.5405283135,0.0564670769204,0.0579114284938,0.0,-0.337772050194,0.311736713406,2.16283412294,0.0743756203041,0.0562685779897,0.0,415.43293929067556,416.0541157372266,414.9878400724477,415.5611528129803
1.3200000000000007,-0.143996166,0.133565918529,11.676727223,0.0605581328489,0.0609126974551,0.0,-0.385325703775,0.358220915925,2.37664080118,0.0514164915509,0.0330319928495,0.0,478.0544974790752,476.28202757325573,477.49929537630953,475.74772198896505
1.3800000000000008,-0.168352865365,0.156286598732,11.8217547943,0.0633348003839,0.0625574068001,0.0,-0.426739570567,0.399413798088,2.45739742896,0.0332557395526,0.0127430788989,0.0,437.4958077752668,435.80347113402485,438.5400097415442,437.0302038194109
1.4400000000000008,-0.195051569501,0.181355435974,11.9688875056,0.0649869607854,0.0630242940741,0.0,-0.463276931749,0.436370548821,2.44702356689,0.0125131111459,-0.00466842893112,0.0,408.8092236063785,407.25476046512745,407.9049657850568,406.0486508716316
1.5000000000000009,-0.224082591173,0.208804370144,12.1175240022,0.0656834155472,0.06257298327,0.0,-0.504385011414,0.47865008139,2.5073800043,0.00973208809981,-0.0139461092218,0.0,430.7720228469401,429.9868916557146,431.9239505718133,431.68923178537887
1.560000000000001,-0.255885954148,0.239134119257,12.2748183582,0.0663226977154,0.0613076147885,0.0,-0.555579615289,0.53237578851,2.73522992647,0.0124388829672,-0.0418738209112,0.0,483.4731707432757,481.36438767785023,482.851465162529,483.05548535747937
1.620000000000001,-0.290409146352,0.272360281137,12.4406384492,0.0667957335439,0.058613927668,0.0,-0.594942658587,0.575208836227,2.7919679262,-0.00328715781038,-0.0517469911692,0.0,431.92150096919073,431.0867695426919,431.9887929886753,430.66058592464685
1.680000000000001,-0.327418802175,0.308364833189,12.6129095764,0.0665854482384,0.0557606830642,0.0,-0.638367373815,0.624887804883,2.95001266579,-0.00394356846663,-0.040268709248,0.0,463.4610965960163,464.3610768086001,462.8955208195982,462.8439320793129
1.740000000000001,-0.366862430739,0.347210133664,12.7926574508,0.0661174990737,0.0533152054062,0.0,-0.676168776392,0.669898548825,3.04134706139,-0.0169119859169,-0.0417545952231,0.0,443.52024702268943,443.39731879456184,444.3371998963933,443.2728657220011
1.8000000000000012,-0.408482290537,0.388688920311,12.9770712096,0.0655795960287,0.0510380110102,0.0,-0.71092749101,0.712636777137,3.10561188019,0.00346773243602,-0.0312685781486,0.0,434.9211568028186,435.79779442520237,434.8216264493502,436.52570366446577
1.8600000000000012,-0.452318320339,0.432945744368,13.1687192388,0.0653999544072,0.0491678392632,0.0,-0.750043121418,0.762557199683,3.2821568586,-0.020843735027,-0.0309721990274,0.0,470.74776624431206,470.77042341669465,471.3262017155838,469.4435384577402
1.9200000000000013,-0.498361818812,0.480055035839,13.3689439599,0.064815399411,0.0478548431583,0.0,-0.784572324737,0.807633603385,3.39168121239,0.00631353961851,-0.00807583927215,0.0,450.80351631045227,452.6498288716449,449.6573356904456,451.8521278818257
1.9800000000000013,-0.546439307507,0.529837574918,13.5753907506,0.0652358820628,0.0477079187815,0.0,-0.817972859144,0.85179613152,3.48956524208,0.0083621237931,0.00692970356813,0.0,447.48179132394057,448.70173341438596,448.45463876270196,448.62090539640656
2.0400000000000014,-0.596430031511,0.582151464955,13.7857845011,0.0660136950132,0.048076944944,0.0,-0.848422280252,0.892043351006,3.52343383621,0.0208637950706,0.00454443086017,0.0,428.4082947783656,428.20531977111006,428.25733382290423,429.3193434077282
2.1000000000000014,-0.648366958652,0.637048296214,14.0005163777,0.0672914477817,0.0482495043206,0.0,-0.882821819496,0.937948359246,3.6339168942,0.0221462607669,-0.000689411963655,0.0,454.0619278931383,453.64177811396087,452.43458341785674,452.537821555366
2.1600000000000015,-0.702428838448,0.694803946368,14.2230493598,0.0684077427082,0.0483132679315,0.0,-0.919225821398,0.987330578976,3.78332950584,0.0103663590568,0.00435522521517,0.0,465.6458440896315,466.0403099146082,466.26822640943544,465.34690954896996
2.2200000000000015,-0.758409677822,0.755160784667,14.4489853214,0.069008979415,0.0488508428382,0.0,-0.94684922158,1.02461013768,3.74796782472,0.00931999417161,0.0168644002348,0.0,407.4410547289731,408.55789167115523,407.3285217726652,407.23481354768
2.2800000000000016,-0.816261625459,0.818044266763,14.6768778635,0.0695772869802,0.0502091166153,0.0,-0.981662087936,1.07152638775,3.84808079513,0.00977367771286,0.0322191202953,0.0,451.2484685245796,452.4863747418293,451.39497633109073,451.43146384823785
2.3400000000000016,-0.876397002463,0.88397533364,14.9139648011,0.0696087874922,0.0521850876214,0.0,-1.0230500489,1.12616519635,4.05405278232,-0.0337830133024,0.0343231464791,0.0,483.85480931067474,484.01351380502354,485.964450247338,482.6883317449033
2.4000000000000017,-0.938887103108,0.952936477864,15.1600359425,0.0676181137045,0.0543225279165,0.0,-1.06015435463,1.17229422395,4.14795966923,-0.0319945578271,0.0381059163788,0.0,452.71888572731336,453.0237091741704,451.20806782420533,451.35202912978144
2.4600000000000017,-1.00361108432,1.02457399318,15.4110388086,0.0655921875634,0.0566404096902,0.0,-1.09752916165,1.21539378811,4.21852067941,-0.0375650010447,0.0396618222638,0.0,445.1011651718543,445.2292219806375,446.13501475662616,445.6794531134775
2.520000000000002,-1.07071883439,1.09885881498,15.6679043758,0.0632460081204,0.0591560428124,0.0,-1.13963498011,1.26047297553,4.34317007925,-0.0423706087716,0.0461102997989,0.0,462.94522924434455,463.4532566735097,462.66375023962775,462.28450176836594
2.580000000000002,-1.14021374229,1.17558689993,15.9289685624,0.0603751324527,0.0620604640718,0.0,-1.17712017133,1.29686557074,4.35889057734,-0.0620133724387,0.0526433169742,0.0,428.7609082497321,429.31716782243126,431.0269155079235,429.36187184106893
2.640000000000002,-1.21216192344,1.25457834955,16.1933139702,0.0569121162081,0.0662852062104,0.0,-1.22152256557,1.33577579602,4.4522329147,-0.050275520171,0.0926197219339,0.0,452.9516295525361,456.1588013565593,453.8495013854736,454.7884541691276
2.700000000000002,-1.2869226717,1.33587569221,16.4640433886,0.0537969388729,0.0717838358743,0.0,-1.27105376668,1.37376352752,4.57154860005,-0.0554277806936,0.0896184161141,0.0,463.3201113517156,463.09074766289115,463.4477273506093,463.04091403506044
2.760000000000002,-1.36475897533,1.41937028673,16.7417380672,0.0504191755349,0.0769291538448,0.0,-1.32400918271,1.4089923735,4.68442221233,-0.0580909914233,0.0766287156088,0.0,462.39179578425296,461.37292584343425,462.9401608133654,462.72851203456764
2.820000000000002,-1.44553471416,1.50468217452,17.0217793978,0.0471448791131,0.0812690951096,0.0,-1.36890381547,1.43444407933,4.65039308864,-0.0483294923347,0.0619493030871,0.0,416.9109336668169,415.63054543469497,416.2489906104947,417.1002535169574
2.880000000000002,-1.52942278226,1.5916606024,17.3039908195,0.0442191341445,0.0852299332276,0.0,-1.42773459932,1.46449451571,4.75616123565,-0.0496423306187,0.0731029609768,0.0,460.3985472823541,461.28331465029214,461.3058741585638,461.2008118887238
2.940000000000002,-1.61705228047,1.6804402311,17.59397775,0.0419278703381,0.0899067092467,0.0,-1.49369989332,1.49449346655,4.9093387827,-0.0217613111486,0.0861985826157,0.0,476.3234619412477,477.3283405793733,474.67875847102675,476.81301188900454
3.000000000000002,-1.70829111659,1.77076134179,17.8881227575,0.0407565266746,0.0951489795689,0.0,-1.54805198229,1.51608927596,4.89547427729,-0.0153838499562,0.0896173818108,0.0,425.1032390475114,425.402832594478,425.9248258771794,426.47000528451787
3.0600000000000023,-1.80269860185,1.8622775384,18.1795008042,0.0397003121553,0.10042115842,0.0,-1.5993097064,1.53437243898,4.81738594482,-0.0224599563358,0.0841253705583,0.0,404.4619918147142,403.97421862458356,404.07183033022505,403.4333384895375
3.1200000000000023,-1.90072771373,1.95504972862,18.4707345981,0.0379713308354,0.105880103742,0.0,-1.66882241956,1.55785597846,4.88998830155,-0.0462379963874,0.102019685846,0.0,451.73433584543784,453.1818357835658,454.42244631675015,452.5117838186373
3.1800000000000024,-2.00274877633,2.04908532691,18.7635813311,0.0353843170158,0.111864995782,0.0,-1.73241077413,1.57641903993,4.87155201595,-0.0375110764942,0.0947712492679,0.0,426.07925656988175,425.46804656606616,423.1044410629291,423.8540821577777
3.2400000000000024,-2.10949411933,2.14443602576,19.0624027148,0.0330224970354,0.117498212952,0.0,-1.82634305805,1.60160758172,5.08805581917,-0.0433521945361,0.0920583587895,0.0,497.3010619514027,497.10872160564617,496.2333459845951,495.80372637337325
3.3000000000000025,-2.22146250302,2.24108446864,19.3695636519,0.0303372857593,0.122692602907,0.0,-1.90643580309,1.61972187543,5.15023663603,-0.0477138222605,0.0723867640021,0.0,453.75733089555274,452.1810301950153,453.0982168829226,452.7462615825826
3.3600000000000025,-2.3385030279,2.33880191836,19.6817688677,0.027212370907,0.127232584159,0.0,-1.99532913064,1.63718442147,5.25599467708,-0.0626812480326,0.0815259860988,0.0,466.95579235449947,467.6724678931221,467.56309044312684,466.39369481199856
3.4200000000000026,-2.46042928312,2.43738228157,19.9960432845,0.0242574134182,0.131984046279,0.0,-2.06931674816,1.6485433481,5.21988576446,-0.030841418992,0.0740596340809,0.0,423.8501845588792,423.2132418983774,421.9155728061011,424.6541598343411
3.4800000000000026,-2.58728170593,2.53667004395,20.3111624729,0.0231787943505,0.13637494285,0.0,-2.15950409947,1.66089305656,5.28364666539,-0.000116665295015,0.0713661007885,0.0,455.0420156120331,454.8303283319389,454.70293006559086,457.1580559808507
3.5400000000000027,-2.72008365883,2.636756378,20.6333259023,0.0234241719336,0.140942960661,0.0,-2.26763076322,1.67530334058,5.45412755865,0.0113978597841,0.084275070056,0.0,487.8770817240895,488.8440563239725,487.92024165757533,488.7791917451039
3.6000000000000028,-2.85874586045,2.73759189788,20.9605128444,0.0241324176449,0.146249781425,0.0,-2.35491307577,1.68593294092,5.45193448967,0.0126044248547,0.0956982225327,0.0,436.9718560332972,437.9298440576205,437.7160760544087,437.81637329347024
3.660000000000003,-3.00312562414,2.83913901133,21.2901012564,0.0243417479672,0.152210673066,0.0,-2.45828157162,1.69901343316,5.53371388753,-0.0295553290127,0.105793548385,0.0,463.96935810959167,464.76939599994006,466.075079296314,462.7677099377856
3.720000000000003,-3.15393811118,2.94147915637,21.6252303912,0.0228100555558,0.159018214423,0.0,-2.56941157524,1.7121256878,5.63649531972,-0.0184944610985,0.125531516739,0.0,471.86215529093556,473.39410237335505,471.04495104828726,471.899590502002
3.780000000000003,-3.3108541942,3.04447365061,21.9620746358,0.0212222439199,0.16608759517,0.0,-2.66177038805,1.72091173861,5.59163976418,-0.0514466023295,0.094293885561,0.0,428.4794492954058,425.82747804755235,428.27169441850543,425.4586882449857
3.840000000000003,-3.47402288954,3.14803454843,22.2997257914,0.0192310037609,0.171792411917,0.0,-2.7777032704,1.73085693792,5.66279945652,-0.0105875302186,0.0966073094254,0.0,463.1780528773606,463.36726891381295,463.21228111231227,466.4142142848932
3.900000000000003,-3.64396341732,3.25212380736,22.6398667512,0.0181723734823,0.177462736295,0.0,-2.88750434718,1.73870137699,5.67492069838,-0.0380313176977,0.0899337910388,0.0,446.8004846460345,446.26347659068966,448.306861482049,446.07087473641735
3.960000000000003,-3.82038643205,3.35663599539,22.9795095512,0.0165063436206,0.183273723532,0.0,-2.99378660432,1.74486563638,5.6464177327,-0.0126220169528,0.107963648765,0.0,433.95026324662206,435.4695198158258,432.9660647626958,435.0987103285729
4.020000000000002,-4.00393715812,3.46154792765,23.3208443287,0.0158110848198,0.190021575938,0.0,-3.12516789894,1.75210724515,5.73063926666,-0.00959526081651,0.120208498363,0.0,470.43779950801024,471.39553442697127,469.37469082451753,469.60970673893354
4.080000000000001,-4.19546536803,3.56687507605,23.6669168627,0.0155863308709,0.197354186056,0.0,-3.25975787616,1.75874330795,5.80435016924,0.00594176935251,0.125936323534,0.0,467.11198752196617,467.57122179112736,469.2674791590227,470.47229921153354
4.14,-4.3941628298,3.67251499467,24.0120938906,0.0160406111542,0.204694416668,0.0,-3.3641588741,1.76261799809,5.70176872543,0.0106461229454,0.11394948394,0.0,414.31505830951454,413.2742352393368,411.9934667724834,412.4091973706512
4.199999999999998,-4.59980975451,3.77843797751,24.3538050038,0.0168748041985,0.211770947817,0.0,-3.49136850638,1.7682054881,5.68829681705,0.0197296508457,0.124918032121,0.0,442.2858742120715,443.20099418911263,441.7107814668359,442.45930567879896
4.259999999999997,-4.81419979097,3.88478816839,24.6991629986,0.017863690393,0.220096725171,0.0,-3.65567071807,1.77689710636,5.82240867878,0.00903157391711,0.157553188771,0.0,486.6893329507128,489.1415940292285,489.78318374499116,488.9866219867703
4.319999999999996,-5.03910190298,3.99171398806,25.0545288781,0.0184898986213,0.229631889268,0.0,-3.84190965662,1.7873316587,6.02138552166,0.0131087660282,0.161517399909,0.0,510.12448957500806,510.4279157013306,509.2219525647589,509.51344398604743
4.379999999999995,-5.27452508471,4.09920982746,25.4179846248,0.0195186577047,0.238961461639,0.0,-4.00635348552,1.79593258066,6.09278876388,0.0241957122141,0.139378054767,0.0,476.8958554283528,475.22216412151687,475.29079553077213,476.1398517653214
4.439999999999993,-5.52037399664,4.20727267045,25.7871576861,0.0210154142611,0.247079112616,0.0,-4.18929581347,1.8062910967,6.21165274476,0.0264055318426,0.12554106887,0.0,493.0677766701399,492.0590759038643,491.5590252450822,491.72282464707956
4.499999999999992,-5.77714051323,4.31596799593,26.1624409387,0.0228346792004,0.254751832727,0.0,-4.37021391034,1.81703406531,6.2966509056,0.0371830309475,0.132181778729,0.0,485.490495121717,486.0019925238901,483.18726276185225,483.99948891878716
4.559999999999991,-6.04451807942,4.42530894685,26.5411679712,0.0251921152278,0.263216270931,0.0,-4.54306688787,1.8278579973,6.32673209621,0.0432027575295,0.154638602094,0.0,469.84524924283096,471.6004798147457,469.6530909875816,470.12055423183824
4.6199999999999894,-6.32168494822,4.5352712915,26.9188322848,0.027556533812,0.273289560363,0.0,-4.69666816436,1.83774184776,6.2617701574,0.0304656019461,0.186106454859,0.0,441.017374254939,443.6358533099898,441.8230949452717,440.77217383392554
4.679999999999988,-6.60890112687,4.64592467045,27.2948482268,0.0291726577596,0.284172978206,0.0,-4.87811530533,1.85083110538,6.27118664621,0.0187279820141,0.169743184571,0.0,467.92952270759423,466.683464688851,466.2126929544369,465.294563539861
4.739999999999987,-6.90697115849,4.75736319116,27.6705277057,0.0299547882674,0.294315056721,0.0,-5.05840475449,1.86384383217,6.25075796216,-0.00189279061466,0.167580618441,0.0,458.68763583072223,458.5422108830543,460.1346923114012,458.49876997023864
4.799999999999986,-7.21521494125,4.86950624627,28.0421667378,0.0297051791269,0.304321219227,0.0,-5.21728170333,1.87423316449,6.13713222491,-0.00913183713579,0.165097828198,0.0,429.867727463811,429.6848429316635,429.8249481409868,429.2108942406604
4.859999999999984,-7.53308939723,4.98225752034,28.4067078454,0.0288123672764,0.314478499873,0.0,-5.37943992556,1.88408178472,6.01418466138,-0.0300079879608,0.176562281467,0.0,426.30592582707646,427.3133218626208,427.38308623431226,425.5995177229624
4.919999999999983,-7.86160871068,5.09564525187,28.7660806721,0.0279259051775,0.325417920484,0.0,-5.57211637665,1.89537806986,5.96426732163,0.00530158256199,0.19187651442,0.0,451.34112146551735,452.607073465299,449.58810721026686,452.44073684642547
4.979999999999982,-8.20233316944,5.20973323388,29.1236645561,0.0282479568213,0.336426412805,0.0,-5.78628173308,1.9075459098,5.95416405414,0.00549909857663,0.155954269961,0.0,466.93980478448054,464.1580366345273,466.2541553019431,466.269494856643
5.0399999999999805,-8.55447576685,5.32442036121,29.4758738215,0.0283736380442,0.345700254165,0.0,-5.95272670169,1.91536929677,5.78628161366,-0.00577361464488,0.15163152095,0.0,414.9516328981307,414.59629126977086,415.01506319071626,414.02408019219996
